OPTIM:
  NAME: "adamw"
  LR: [30, 10, 3, 1, 0.3, 0.1, 0.03, 0.01, 0.003, 0.001, 0.0003, 0.0001, 0.00003, 0.00001]
  WEIGHT_DECAY: [0.0, 0.1, 0.01, 0.001, 0.0001, 0.00001]
  LR_SCHEDULER: 'cosine'
  BATCH_SIZE: [64, 128]
  MAX_ITER: [12800]
  WARMUP_ITER: 50
  WARMUP_TYPE: "linear"
  WARMUP_MIN_LR: 1e-5